Name: Construction Concrete
Type: manmade
Class: General Construction Material
Subclass: Cement Cinderblock
Particle Size: Solid
Sample No.: 0432UUUCNC
Owner: National Photographic Interpretation Center
Wavelength Range: All
Origin: Spectra obtained from the Noncoventional Exploitation FactorsData System of the National Photographic Interpretation Center.
Collection Date: N/A
Description:  Light brown, cement construction concrete cinderblock. Original ASTER Spectral Library name was jhu.becknic.manmade.construction.cement.solid.0432uuu.spectrum.txt
Measurement: Directional (10 Degree) Hemispherical Reflectance
First Column: X
Second Column: Y
X Units: Wavelength (micrometers)
Y Units:Reflectance (percent)
First X Value:  0.4200
Last X Value: 14.0000
Number of X Values: 491
Additional Information: none

 0.4200	25.0946
 0.4220	23.5409
 0.4240	24.1853
 0.4260	24.6568
 0.4280	25.1985
 0.4300	24.9384
 0.4320	25.0337
 0.4340	25.4563
 0.4360	25.4129
 0.4380	25.7659
 0.4400	25.7264
 0.4420	25.8820
 0.4440	25.8592
 0.4460	26.0983
 0.4480	26.2471
 0.4500	26.4585
 0.4520	26.4342
 0.4540	26.7073
 0.4560	26.8013
 0.4580	26.8146
 0.4600	26.9184
 0.4620	26.9889
 0.4640	27.0205
 0.4660	27.2264
 0.4680	27.3224
 0.4700	27.4440
 0.4720	27.5400
 0.4740	27.6360
 0.4760	27.8121
 0.4780	27.8721
 0.4800	28.0000
 0.4820	28.1419
 0.4840	28.2867
 0.4860	28.4510
 0.4880	28.6153
 0.4900	28.7594
 0.4920	28.9350
 0.4940	29.1168
 0.4960	29.3011
 0.4980	29.4580
 0.5000	29.6064
 0.5020	29.7713
 0.5040	29.9385
 0.5060	30.0707
 0.5080	30.2227
 0.5100	30.3934
 0.5120	30.5401
 0.5140	30.6869
 0.5160	30.8467
 0.5180	31.0028
 0.5200	31.1463
 0.5220	31.3074
 0.5240	31.4497
 0.5260	31.5930
 0.5280	31.7401
 0.5300	31.8950
 0.5320	32.0448
 0.5340	32.2038
 0.5360	32.3432
 0.5380	32.4689
 0.5400	32.5957
 0.5420	32.7044
 0.5440	32.8259
 0.5460	32.9284
 0.5480	33.0172
 0.5500	33.1158
 0.5520	33.1958
 0.5540	33.3016
 0.5560	33.4038
 0.5580	33.5166
 0.5600	33.6191
 0.5620	33.6905
 0.5640	33.7723
 0.5660	33.8705
 0.5680	33.9624
 0.5700	34.0751
 0.5720	34.1733
 0.5740	34.2412
 0.5760	34.3454
 0.5780	34.4092
 0.5800	34.5063
 0.5820	34.6161
 0.5840	34.6635
 0.5860	34.7545
 0.5880	34.8073
 0.5900	34.8767
 0.5920	34.9388
 0.5940	35.0076
 0.5960	35.0701
 0.5980	35.1167
 0.6000	35.1661
 0.6020	35.2225
 0.6040	35.2743
 0.6060	35.3164
 0.6080	35.3751
 0.6100	35.4164
 0.6120	35.4299
 0.6140	35.4818
 0.6160	35.5107
 0.6180	35.5508
 0.6200	35.6090
 0.6220	35.6409
 0.6240	35.6481
 0.6260	35.7081
 0.6280	35.7348
 0.6300	35.7689
 0.6320	35.7950
 0.6340	35.8242
 0.6360	35.8652
 0.6380	35.9170
 0.6400	35.9184
 0.6420	35.9436
 0.6440	35.9429
 0.6460	35.9655
 0.6480	36.0181
 0.6500	36.0418
 0.6520	36.0729
 0.6540	36.0704
 0.6560	36.1249
 0.6580	36.1251
 0.6600	36.1466
 0.6620	36.1938
 0.6640	36.2070
 0.6660	36.2430
 0.6680	36.2745
 0.6700	36.2837
 0.6720	36.3094
 0.6740	36.3533
 0.6760	36.3822
 0.6780	36.3689
 0.6800	36.4001
 0.6820	36.4541
 0.6840	36.4343
 0.6860	36.4601
 0.6880	36.4735
 0.6900	36.4852
 0.6920	36.5244
 0.6940	36.5205
 0.6960	36.5706
 0.6980	36.5742
 0.7000	36.5779
 0.7020	36.6036
 0.7040	36.6562
 0.7060	36.6522
 0.7080	36.6831
 0.7100	36.6907
 0.7120	36.7154
 0.7140	36.7090
 0.7160	36.7261
 0.7180	36.7499
 0.7200	36.7637
 0.7220	36.7949
 0.7240	36.8029
 0.7260	36.8180
 0.7280	36.8046
 0.7300	36.8079
 0.7320	36.8200
 0.7340	36.8307
 0.7360	36.8427
 0.7380	36.8492
 0.7400	36.8559
 0.7420	36.8676
 0.7440	36.8850
 0.7460	36.8711
 0.7480	36.8674
 0.7500	36.8635
 0.7520	36.8815
 0.7540	36.8655
 0.7560	36.8724
 0.7580	36.8840
 0.7600	36.9126
 0.7620	36.9110
 0.7640	36.8815
 0.7660	36.8872
 0.7680	36.8832
 0.7700	36.8678
 0.7720	36.9065
 0.7740	36.8899
 0.7760	36.8827
 0.7780	36.8862
 0.7800	36.8818
 0.7820	36.8753
 0.7840	36.8830
 0.7860	36.8473
 0.7880	36.8791
 0.7900	36.8589
 0.7920	36.8212
 0.7940	36.8435
 0.7960	36.8271
 0.7980	36.8252
 0.8000	36.8371
 0.8200	36.7031
 0.8400	36.5380
 0.8600	36.3343
 0.8800	36.1319
 0.9000	35.9262
 0.9200	35.7316
 0.9400	35.5645
 0.9600	35.3828
 0.9800	35.2214
 1.0000	35.0329
 1.0200	34.8632
 1.0400	34.7281
 1.0600	34.6316
 1.0800	34.5727
 1.1000	34.5327
 1.1200	34.5017
 1.1400	34.3974
 1.1600	34.3755
 1.1800	34.3511
 1.2000	34.2619
 1.2200	34.2014
 1.2400	34.1940
 1.2600	34.1461
 1.2800	34.1069
 1.3000	34.0415
 1.3200	34.0162
 1.3400	34.0020
 1.3600	33.8801
 1.3800	33.7070
 1.4000	33.3755
 1.4200	33.0036
 1.4400	32.9958
 1.4600	33.0889
 1.4800	33.2107
 1.5000	33.3203
 1.5200	33.4056
 1.5400	33.4374
 1.5600	33.4288
 1.5800	33.4236
 1.6000	33.4190
 1.6200	33.3819
 1.6400	33.3113
 1.6600	33.2824
 1.6800	33.2695
 1.7000	33.2028
 1.7200	33.1043
 1.7400	32.9721
 1.7600	32.8621
 1.7800	32.7718
 1.8000	32.7041
 1.8200	32.6093
 1.8400	32.5075
 1.8600	32.3978
 1.8800	31.6499
 1.9000	29.6635
 1.9200	28.5169
 1.9400	28.6577
 1.9600	29.0988
 1.9800	29.5676
 2.0000	30.0897
 2.0200	30.4639
 2.0400	30.7433
 2.0600	30.9538
 2.0800	31.0906
 2.1000	31.1720
 2.1200	31.1963
 2.1400	31.1964
 2.1600	31.0891
 2.1800	30.9573
 2.2000	30.6719
 2.2200	30.5448
 2.2400	30.4261
 2.2600	30.2501
 2.2800	30.0303
 2.3000	29.6211
 2.3200	29.9156
 2.3400	29.6337
 2.3600	29.6450
 2.3800	29.5447
 2.4000	29.0424
 2.4200	28.4589
 2.4400	28.0336
 2.4600	27.4360
 2.4800	26.6041
 2.5000	26.4717
 2.5200	25.9996
 2.5400	25.6919
 2.5600	26.2490
 2.5800	26.2836
 2.6000	26.1882
 2.6200	25.7613
 2.6400	25.1756
 2.6600	23.8402
 2.6800	20.3697
 2.7000	14.4859
 2.7200	10.8658
 2.7400	 7.8481
 2.7600	 5.9809
 2.7800	 5.4441
 2.8000	 5.1352
 2.8200	 4.9631
 2.8400	 4.7008
 2.8600	 4.5492
 2.8800	 4.3929
 2.9000	 4.3703
 2.9200	 4.3471
 2.9400	 4.4162
 2.9600	 4.4349
 2.9800	 4.5087
 3.0000	 4.5334
 3.0200	 4.5922
 3.0400	 4.7379
 3.0600	 4.8057
 3.0800	 4.8940
 3.1000	 5.0790
 3.1200	 5.1853
 3.1400	 5.4685
 3.1600	 5.7037
 3.1800	 5.9982
 3.2000	 6.1828
 3.2200	 6.5133
 3.2400	 6.7736
 3.2600	 7.0432
 3.2800	 7.3417
 3.3000	 7.4691
 3.3200	 7.6586
 3.3400	 7.4645
 3.3600	 7.2369
 3.3800	 7.5067
 3.4000	 7.7016
 3.4200	 7.8040
 3.4400	 8.1317
 3.4600	 8.1227
 3.4800	 7.7406
 3.5000	 8.4195
 3.5200	 9.6532
 3.5400	10.8717
 3.5600	11.5644
 3.5800	12.0628
 3.6000	12.5443
 3.6200	12.9694
 3.6400	13.3466
 3.6600	13.6434
 3.6800	13.9145
 3.7000	14.0981
 3.7200	14.3132
 3.7400	14.4107
 3.7600	14.4262
 3.7800	14.2627
 3.8000	13.4441
 3.8200	12.3734
 3.8400	11.3364
 3.8600	10.8296
 3.8800	10.6857
 3.9000	10.3685
 3.9200	 9.7713
 3.9400	 8.7624
 3.9600	 6.9987
 3.9800	 6.5558
 4.0000	 7.7498
 4.0200	10.1772
 4.0400	12.2558
 4.0600	13.8649
 4.0800	14.8217
 4.1000	15.2764
 4.1200	15.4548
 4.1400	15.5285
 4.1600	15.5135
 4.1800	15.4158
 4.2000	15.1215
 4.2200	14.5127
 4.2400	13.8999
 4.2600	13.4866
 4.2800	13.4087
 4.3000	13.7070
 4.3200	13.8580
 4.3400	13.8147
 4.3600	13.6515
 4.3800	13.3671
 4.4000	13.0435
 4.4200	12.7992
 4.4400	12.5247
 4.4600	12.2932
 4.4800	12.1556
 4.5000	12.0869
 4.5200	12.1394
 4.5400	12.1937
 4.5600	12.1973
 4.5800	12.1274
 4.6000	11.9811
 4.6200	11.7685
 4.6400	11.4428
 4.6600	11.1464
 4.6800	10.9380
 4.7000	11.0999
 4.7200	11.2753
 4.7400	11.3217
 4.7600	11.3886
 4.7800	11.4078
 4.8000	11.3550
 4.8200	11.1321
 4.8400	10.9714
 4.8600	10.6610
 4.8800	10.3374
 4.9000	 9.7818
 4.9200	 9.2475
 4.9400	 8.8976
 4.9600	 8.6190
 4.9800	 8.2254
 5.0000	 7.9664
 5.1000	 7.4468
 5.2000	 7.1399
 5.3000	 5.7283
 5.4000	 5.5193
 5.5000	 4.8407
 5.6000	 3.3274
 5.7000	 4.3334
 5.8000	 3.8033
 5.9000	 2.8629
 6.0000	 2.3587
 6.1000	 2.0133
 6.2000	 2.2210
 6.3000	 2.9004
 6.4000	 4.4030
 6.5000	 6.7741
 6.6000	 7.5630
 6.7000	 7.7057
 6.8000	 7.8630
 6.9000	 8.1584
 7.0000	 9.1226
 7.1000	12.0230
 7.2000	 9.7116
 7.3000	 8.4490
 7.4000	 8.4274
 7.5000	 8.4518
 7.6000	 8.3997
 7.7000	 8.5050
 7.8000	 8.3976
 7.9000	 8.3548
 8.0000	 8.4345
 8.1000	 8.4516
 8.2000	 8.4924
 8.3000	 8.1417
 8.4000	 7.9362
 8.5000	 7.7805
 8.6000	 7.3610
 8.7000	 7.7724
 8.8000	 8.0025
 8.9000	 7.9549
 9.0000	 7.6268
 9.1000	 7.2718
 9.2000	 7.0964
 9.3000	 6.9307
 9.4000	 6.5105
 9.5000	 6.1548
 9.6000	 6.0582
 9.7000	 5.9657
 9.8000	 5.7721
 9.9000	 5.6177
10.0000	 5.3675
10.1000	 5.0611
10.2000	 4.7784
10.3000	 4.5438
10.4000	 4.3778
10.5000	 4.1758
10.6000	 4.0821
10.7000	 3.9596
10.8000	 3.8147
10.9000	 3.7741
11.0000	 3.7007
11.1000	 3.5495
11.2000	 3.3764
11.3000	 2.8624
11.4000	 4.5945
11.5000	 6.6310
11.6000	 4.9434
11.7000	 4.4368
11.8000	 4.0668
11.9000	 3.9434
12.0000	 3.7492
12.1000	 3.5618
12.2000	 3.4570
12.3000	 3.4565
12.4000	 3.6938
12.5000	 3.8746
12.6000	 3.6757
12.7000	 3.6928
12.8000	 3.7827
12.9000	 3.6616
13.0000	 3.4747
13.1000	 3.3069
13.2000	 3.2652
13.3000	 3.1658
13.4000	 3.0462
13.5000	 2.9893
13.6000	 2.8950
13.7000	 2.8173
13.8000	 2.6377
13.9000	 2.4801
14.0000	 2.7281
